ret
8.482324080558815
mtx
6578.935029882083	0.0	1905.336746233396
0.0	10260.78016850862	1078.0621525906088
0.0	0.0	1.0
dist
0.8544642423602997	-4.717145683973946	0.007869076498461598	0.10749300533886968	-31.184767080936147
rvecs
-1.6712033989312036	-1.7696715066189512	-0.8053947039493266
-1.7458718028839335	-1.8511963502549313	-0.8954837566289449
-1.6950020570775446	-1.824088153875429	-0.9143560134184316
-1.5903011726340692	-1.7247979167216034	-0.9689715388971735
tvecs
-13.229021166638415	3.431786352291442	58.619831842272674
-8.302716010981182	4.2675257773872	70.84131049784447
-12.49679542937833	1.1524476314836625	57.06009662916742
-10.074450784434164	0.4292555484084446	41.93902629118155