ret
2.156062046823131
mtx
4858.843652693757	0.0	1900.52566114787
0.0	5217.580161417397	1108.1551520212122
0.0	0.0	1.0
dist
-0.4761679344371594	-8.170493027420582	-0.0006786451072540027	-0.1390514230136934	39.322063099752945
rvecs
-0.11394483570171357	-2.9200695317066065	-0.27335422382978697
-0.02795752614109913	2.585110310968881	0.03524699486642585
-1.9511446568329145	-2.022486808211676	-0.6104925878258302
-2.290113270847083	-2.291855630946904	-0.10020467035324274
tvecs
-3.8579838025040214	1.6950576289470147	25.49323789572695
-3.225305310066683	4.126584044422226	32.27389128818416
-7.170249957702602	1.9022317364644012	29.837162920112174
-8.472473121045367	1.7390517312662916	36.92197841046577