ret
1.2316227575244327
mtx
3117.985437586817	0.0	1379.4687224686845
0.0	3218.031669015132	1472.623787162004
0.0	0.0	1.0
dist
-0.33733229312166463	5.540915715669809	0.004601146633201301	0.02957744266385569	-34.27658306696863
rvecs
-1.9574570377071199	-2.039171016396791	-0.6039502162271958
0.400808153129793	2.6421791974467306	0.5803597921996172
-1.9979020670388898	-2.5035445530205402	-0.49412706761735126
-0.5830993862797187	-3.0396499539736324	-0.3636679052053202
-0.07144567978739054	-2.873435018358519	-0.42019484956803993
0.038390819494323686	2.9755675254968303	0.3891163011598297
-0.2637703389933927	-3.21107493174551	-0.34382063625255277
-0.0025629453846340326	2.9568982318880686	0.7027694106199398
0.10862577043551297	2.8052270416975356	0.5152297608320227
0.020767592894037908	3.0221572653299247	0.45449548152593583
tvecs
-4.482478554458063	0.6966609637367843	22.24497643548138
0.31838562442331364	-0.6032443460587247	20.84238305123878
-0.32851519107616317	-0.7385696405836485	20.419496248749745
-2.1014942253623503	-1.7151484804327062	21.126818611422326
-1.2646864347160025	-0.2547090571438943	13.429328012921653
0.7961585462295022	-0.13147704302947014	12.734052573142105
-1.8323814513566472	-1.3998717952671031	17.272519892706196
-0.8264144404044422	-0.25152934251028325	19.41740970933893
1.40154398212765	-1.2492398372093356	19.824008285578206
-1.7323710911776724	-0.23402112212775406	24.25021153236952